[0.937500000000000,1,1,1,1,1,1,1,0.875000000000000,0.812500000000000]
[0.937500000000000,0.937500000000000,1,1,1,1,1,1,0.937500000000000,0.812500000000000]
[0.937500000000000,1,1,1,1,1,1,1,1,0.875000000000000]
[0.937500000000000,0.937500000000000,0.937500000000000,1,1,1,1,1,0.875000000000000,0.750000000000000]
[0.875000000000000,1,1,1,1,1,1,1,0.937500000000000,0.687500000000000]
[1,0.937500000000000,1,1,1,1,1,1,0.937500000000000,0.750000000000000]
[0.875000000000000,1,0.937500000000000,1,1,0.937500000000000,1,0.937500000000000,0.937500000000000,0.937500000000000]
[1,1,1,1,1,1,0.937500000000000,1,0.875000000000000,0.875000000000000]
[0.937500000000000,0.937500000000000,0.937500000000000,1,1,1,1,0.937500000000000,0.875000000000000,0.937500000000000]
[0.875000000000000,1,1,1,1,1,1,0.937500000000000,0.937500000000000,0.750000000000000]
[1,1,1,1,1,1,1,0.937500000000000,0.937500000000000,0.750000000000000]
[1,1,0.937500000000000,1,1,1,1,0.937500000000000,1,0.812500000000000]
[0.937500000000000,1,1,1,1,1,1,0.937500000000000,1,0.750000000000000]
[1,0.937500000000000,0.937500000000000,1,1,1,1,1,0.937500000000000,1]
[1,0.937500000000000,1,1,1,1,1,0.937500000000000,0.937500000000000,0.812500000000000]
[0.937500000000000,0.937500000000000,0.937500000000000,1,1,1,1,1,1,0.875000000000000]
[1,1,1,1,1,1,1,0.937500000000000,0.937500000000000,1]
[0.937500000000000,1,1,1,1,1,1,1,0.875000000000000,1]
[0.937500000000000,1,1,1,1,1,1,1,0.812500000000000,0.750000000000000]
[0.875000000000000,1,0.937500000000000,1,0.937500000000000,1,1,0.937500000000000,0.937500000000000,0.875000000000000]
[0.937500000000000,1,1,1,1,1,1,1,0.875000000000000,0.812500000000000]
[0.937500000000000,1,1,1,1,1,1,1,0.937500000000000,0.937500000000000]
[1,1,1,1,1,1,1,1,0.875000000000000,0.750000000000000]
[1,1,0.937500000000000,1,1,1,1,1,0.937500000000000,0.750000000000000]
[0.937500000000000,1,1,1,1,1,1,1,0.875000000000000,0.812500000000000]
[0.937500000000000,0.937500000000000,1,1,1,1,1,0.937500000000000,0.875000000000000,0.750000000000000]
[1,1,1,1,1,1,1,0.937500000000000,0.875000000000000,0.750000000000000]
[0.937500000000000,1,0.937500000000000,1,1,1,1,0.937500000000000,0.937500000000000,0.812500000000000]
[0.937500000000000,0.937500000000000,1,0.937500000000000,1,1,1,1,0.937500000000000,0.625000000000000]
[0.937500000000000,1,1,1,1,1,0.937500000000000,1,0.875000000000000,1]
[0.937500000000000,0.937500000000000,1,1,1,1,0.937500000000000,1,0.812500000000000,0.687500000000000]
[0.937500000000000,0.937500000000000,1,1,1,1,1,0.937500000000000,0.937500000000000,0.750000000000000]
[1,0.937500000000000,1,1,1,1,1,0.937500000000000,0.937500000000000,0.687500000000000]
[0.875000000000000,0.937500000000000,1,1,1,1,1,1,0.937500000000000,0.812500000000000]
[0.875000000000000,0.937500000000000,1,1,1,1,1,1,0.937500000000000,0.937500000000000]
[1,0.937500000000000,0.937500000000000,1,1,1,1,1,0.875000000000000,0.875000000000000]
[1,1,1,1,1,1,0.937500000000000,1,0.812500000000000,0.937500000000000]
[0.875000000000000,1,1,1,1,1,0.937500000000000,0.937500000000000,0.875000000000000,0.812500000000000]
[1,0.937500000000000,1,1,1,1,1,1,1,0.875000000000000]
[0.875000000000000,0.937500000000000,1,1,1,1,1,0.937500000000000,0.937500000000000,0.937500000000000]
[1,1,1,1,1,1,1,1,0.937500000000000,0.687500000000000]
[0.937500000000000,0.937500000000000,0.937500000000000,1,1,1,1,0.937500000000000,0.937500000000000,0.750000000000000]
[0.937500000000000,1,1,1,1,1,1,1,0.875000000000000,0.875000000000000]
[0.937500000000000,0.937500000000000,1,1,1,1,1,1,0.937500000000000,0.812500000000000]
[1,1,1,1,1,1,1,1,0.937500000000000,0.812500000000000]
[0.937500000000000,0.937500000000000,1,1,1,1,1,1,0.937500000000000,0.750000000000000]
[1,0.937500000000000,1,1,1,1,1,0.937500000000000,0.937500000000000,0.937500000000000]
[1,1,1,1,1,1,1,0.937500000000000,0.937500000000000,0.750000000000000]
[0.937500000000000,1,0.937500000000000,1,1,1,1,0.937500000000000,0.937500000000000,0.812500000000000]
[0.937500000000000,0.937500000000000,1,1,1,1,1,1,0.937500000000000,0.875000000000000]
[0.937500000000000,0.937500000000000,1,1,1,1,1,1,0.937500000000000,0.812500000000000]
[0.937500000000000,1,1,1,1,1,1,1,0.937500000000000,0.812500000000000]
[1,1,1,1,1,1,1,0.937500000000000,0.937500000000000,0.812500000000000]
[0.937500000000000,0.937500000000000,1,1,1,1,1,1,0.937500000000000,0.750000000000000]
[0.937500000000000,0.937500000000000,1,1,1,1,1,1,1,0.875000000000000]
[0.875000000000000,1,1,1,1,1,1,1,0.937500000000000,0.875000000000000]
[1,1,1,1,1,1,0.937500000000000,1,0.937500000000000,0.937500000000000]
[0.937500000000000,0.937500000000000,0.937500000000000,1,1,1,1,0.937500000000000,0.812500000000000,0.937500000000000]
[0.937500000000000,0.937500000000000,1,1,1,1,1,0.937500000000000,0.875000000000000,0.687500000000000]
[0.937500000000000,1,1,1,1,1,0.937500000000000,1,0.875000000000000,0.875000000000000]
[0.812500000000000,1,1,1,1,1,1,1,1,0.812500000000000]
[1,0.937500000000000,1,1,1,1,1,1,1,0.875000000000000]
[0.875000000000000,1,1,1,1,1,1,1,1,0.812500000000000]
[0.875000000000000,1,1,1,1,1,1,0.937500000000000,0.937500000000000,0.687500000000000]
[0.937500000000000,1,1,1,1,1,1,0.937500000000000,0.812500000000000,0.875000000000000]
[0.875000000000000,1,1,1,1,1,0.937500000000000,0.937500000000000,0.937500000000000,0.875000000000000]
[0.875000000000000,0.937500000000000,1,1,1,1,1,1,0.875000000000000,0.812500000000000]
[0.875000000000000,0.937500000000000,1,0.937500000000000,1,1,1,1,0.937500000000000,0.687500000000000]
[0.875000000000000,1,1,1,1,1,1,1,0.937500000000000,0.812500000000000]
[0.875000000000000,1,1,1,1,1,1,1,0.875000000000000,0.812500000000000]
[1,0.937500000000000,1,1,1,1,1,0.937500000000000,1,0.812500000000000]
[0.937500000000000,1,1,1,1,1,1,1,0.937500000000000,0.750000000000000]
[0.937500000000000,0.937500000000000,0.937500000000000,1,1,1,1,0.937500000000000,0.937500000000000,0.937500000000000]
[0.937500000000000,0.937500000000000,1,1,1,1,1,1,1,0.812500000000000]
[0.875000000000000,1,1,1,1,1,1,1,0.937500000000000,0.750000000000000]
[0.812500000000000,1,1,1,1,1,1,0.937500000000000,0.875000000000000,0.875000000000000]
[0.937500000000000,1,1,1,1,1,1,0.937500000000000,0.875000000000000,0.937500000000000]
[1,1,1,1,1,1,1,0.937500000000000,0.937500000000000,0.687500000000000]
[0.875000000000000,1,1,1,1,1,1,0.937500000000000,0.937500000000000,0.562500000000000]
[1,1,1,1,1,1,1,1,0.937500000000000,0.750000000000000]
[1,0.937500000000000,1,1,1,1,1,0.937500000000000,0.937500000000000,0.750000000000000]
[0.875000000000000,1,1,1,1,1,1,0.937500000000000,0.937500000000000,0.937500000000000]
[0.937500000000000,1,0.937500000000000,1,1,1,0.937500000000000,1,0.875000000000000,0.812500000000000]
[0.937500000000000,1,1,1,1,1,1,0.937500000000000,0.937500000000000,0.750000000000000]
[0.937500000000000,1,0.937500000000000,1,1,1,1,1,0.937500000000000,0.812500000000000]
[0.937500000000000,1,1,1,1,1,1,0.937500000000000,1,0.687500000000000]
[0.875000000000000,1,1,1,1,0.937500000000000,1,0.937500000000000,0.937500000000000,0.812500000000000]
[0.875000000000000,0.937500000000000,1,1,1,1,1,0.937500000000000,0.937500000000000,0.687500000000000]
[0.937500000000000,1,1,1,1,1,1,1,0.937500000000000,0.625000000000000]
[1,0.937500000000000,0.937500000000000,0.937500000000000,1,1,1,1,0.937500000000000,0.937500000000000]
[0.937500000000000,0.937500000000000,1,1,1,1,1,1,0.937500000000000,0.875000000000000]
[1,1,0.937500000000000,1,1,1,1,0.937500000000000,0.937500000000000,0.937500000000000]
[0.937500000000000,1,1,1,1,1,1,1,0.875000000000000,0.937500000000000]
[1,0.937500000000000,0.937500000000000,1,1,1,1,0.937500000000000,0.875000000000000,0.937500000000000]
[1,1,1,1,1,1,1,1,0.937500000000000,0.812500000000000]
[0.937500000000000,1,1,1,1,1,1,1,0.937500000000000,0.875000000000000]
[0.875000000000000,1,1,1,1,1,1,1,0.937500000000000,0.875000000000000]
[1,1,1,1,1,1,1,0.937500000000000,0.937500000000000,0.875000000000000]
[0.937500000000000,1,1,1,1,1,1,1,1,0.750000000000000]
[0.812500000000000,1,1,1,1,1,1,1,1,0.937500000000000]